   0.00000000     ;   0.00000000    
   1.00000000     ;  0.975410461    
   2.00000000     ;   1.90325165    
   3.00000000     ;   2.78583908    
   4.00000000     ;   3.62538528    
   5.00000000     ;   4.42398453    
   6.00000000     ;   5.18363571    
   7.00000000     ;   5.90623856    
   8.00000000     ;   6.59359932    
   9.00000000     ;   7.24743748    
   10.0000000     ;   7.86938667    
   11.0000000     ;   8.46100426    
   12.0000000     ;   9.02376747    
   13.0000000     ;   9.55908585    
   14.0000000     ;   10.0682936    
   15.0000000     ;   10.5526695    
   16.0000000     ;   11.0134211    
   17.0000000     ;   11.4517012    
   18.0000000     ;   11.8686066    
   19.0000000     ;   12.2651787    
   20.0000000     ;   12.6424112    
   21.0000000     ;   13.0012455    
   22.0000000     ;   13.3425789    
   23.0000000     ;   13.6672649    
   24.0000000     ;   13.9761162    
   25.0000000     ;   14.2699041    
   26.0000000     ;   14.5493641    
   27.0000000     ;   14.8151951    
   28.0000000     ;   15.0680599    
   29.0000000     ;   15.3085938    
   30.0000000     ;   15.5373964    
   31.0000000     ;   15.7550411    
   32.0000000     ;   15.9620695    
   33.0000000     ;   16.1590023    
   34.0000000     ;   16.3463287    
   35.0000000     ;   16.5245209    
   36.0000000     ;   16.6940231    
   37.0000000     ;   16.8552570    
   38.0000000     ;   17.0086269    
   39.0000000     ;   17.1545181    
   40.0000000     ;   17.2932949    
   41.0000000     ;   17.4253006    
   42.0000000     ;   17.5508728    
   43.0000000     ;   17.6703167    
   44.0000000     ;   17.7839375    
   45.0000000     ;   17.8920155    
   46.0000000     ;   17.9948235    
   47.0000000     ;   18.0926170    
   48.0000000     ;   18.1856403    
   49.0000000     ;   18.2741280    
   50.0000000     ;   18.3582993    
   51.0000000     ;   18.4383659    
   52.0000000     ;   18.5145283    
   53.0000000     ;   18.5869751    
   54.0000000     ;   18.6558895    
   55.0000000     ;   18.7214432    
   56.0000000     ;   18.7837982    
   57.0000000     ;   18.8431129    
   58.0000000     ;   18.8995361    
   59.0000000     ;   18.9532051    
   60.0000000     ;   19.0042591    
   61.0000000     ;   19.0528221    
   62.0000000     ;   19.0990162    
   63.0000000     ;   19.1429577    
   64.0000000     ;   19.1847553    
   65.0000000     ;   19.2245159    
   66.0000000     ;   19.2623367    
   67.0000000     ;   19.2983131    
   68.0000000     ;   19.3325348    
   69.0000000     ;   19.3650875    
   70.0000000     ;   19.3960514    
   71.0000000     ;   19.4255066    
   72.0000000     ;   19.4535255    
   73.0000000     ;   19.4801769    
   74.0000000     ;   19.5055294    
   75.0000000     ;   19.5296459    
   76.0000000     ;   19.5525837    
   77.0000000     ;   19.5744057    
   78.0000000     ;   19.5951614    
   79.0000000     ;   19.6149063    
   80.0000000     ;   19.6336880    
   81.0000000     ;   19.6515522    
   82.0000000     ;   19.6685467    
   83.0000000     ;   19.6847115    
   84.0000000     ;   19.7000885    
   85.0000000     ;   19.7147160    
   86.0000000     ;   19.7286282    
   87.0000000     ;   19.7418633    
   88.0000000     ;   19.7544537    
   89.0000000     ;   19.7664280    
   90.0000000     ;   19.7778206    
   91.0000000     ;   19.7886562    
   92.0000000     ;   19.7989635    
   93.0000000     ;   19.8087673    
   94.0000000     ;   19.8180943    
   95.0000000     ;   19.8269653    
   96.0000000     ;   19.8354053    
   97.0000000     ;   19.8434334    
   98.0000000     ;   19.8510685    
   99.0000000     ;   19.8583317    
   100.000000     ;   19.8652420    
   101.000000     ;   19.8718128    
   102.000000     ;   19.8780651    
   103.000000     ;   19.8840122    
   104.000000     ;   19.8896694    
   105.000000     ;   19.8950500    
   106.000000     ;   19.9001675    
   107.000000     ;   19.9050369    
   108.000000     ;   19.9096680    
   109.000000     ;   19.9140739    
   110.000000     ;   19.9182644    
   111.000000     ;   19.9222507    
   112.000000     ;   19.9260426    
   113.000000     ;   19.9296494    
   114.000000     ;   19.9330807    
   115.000000     ;   19.9363441    
   116.000000     ;   19.9394493    
   117.000000     ;   19.9424019    
   118.000000     ;   19.9452114    
   119.000000     ;   19.9478836    
   120.000000     ;   19.9504242    
   121.000000     ;   19.9528427    
   122.000000     ;   19.9551430    
   123.000000     ;   19.9573307    
   124.000000     ;   19.9594116    
   125.000000     ;   19.9613914    
   126.000000     ;   19.9632740    
   127.000000     ;   19.9650650    
   128.000000     ;   19.9667683    
   129.000000     ;   19.9683895    
   130.000000     ;   19.9699306    
   131.000000     ;   19.9713974    
   132.000000     ;   19.9727936    
   133.000000     ;   19.9741192    
   134.000000     ;   19.9753819    
   135.000000     ;   19.9765816    
   136.000000     ;   19.9777241    
   137.000000     ;   19.9788113    
   138.000000     ;   19.9798450    
   139.000000     ;   19.9808273    
   140.000000     ;   19.9817619    
   141.000000     ;   19.9826527    
   142.000000     ;   19.9834976    
   143.000000     ;   19.9843025    
   144.000000     ;   19.9850674    
   145.000000     ;   19.9857960    
   146.000000     ;   19.9864883    
   147.000000     ;   19.9871483    
   148.000000     ;   19.9877758    
   149.000000     ;   19.9883709    
   150.000000     ;   19.9889374    
   151.000000     ;   19.9894772    
   152.000000     ;   19.9899902    
   153.000000     ;   19.9904785    
   154.000000     ;   19.9909439    
   155.000000     ;   19.9913845    
   156.000000     ;   19.9918060    
   157.000000     ;   19.9922047    
   158.000000     ;   19.9925842    
   159.000000     ;   19.9929466    
   160.000000     ;   19.9932899    
   161.000000     ;   19.9936180    
   162.000000     ;   19.9939289    
   163.000000     ;   19.9942245    
   164.000000     ;   19.9945068    
   165.000000     ;   19.9947758    
   166.000000     ;   19.9950294    
   167.000000     ;   19.9952717    
   168.000000     ;   19.9955025    
   169.000000     ;   19.9957218    
   170.000000     ;   19.9959297    
   171.000000     ;   19.9961300    
   172.000000     ;   19.9963188    
   173.000000     ;   19.9964981    
   174.000000     ;   19.9966679    
   175.000000     ;   19.9968300    
   176.000000     ;   19.9969845    
   177.000000     ;   19.9971333    
   178.000000     ;   19.9972725    
   179.000000     ;   19.9974060    
   180.000000     ;   19.9975319    
   181.000000     ;   19.9976521    
   182.000000     ;   19.9977665    
   183.000000     ;   19.9978752    
   184.000000     ;   19.9979801    
   185.000000     ;   19.9980774    
   186.000000     ;   19.9981709    
   187.000000     ;   19.9982605    
   188.000000     ;   19.9983463    
   189.000000     ;   19.9984264    
   190.000000     ;   19.9985027    
   191.000000     ;   19.9985752    
   192.000000     ;   19.9986458    
   193.000000     ;   19.9987106    
   194.000000     ;   19.9987736    
   195.000000     ;   19.9988346    
   196.000000     ;   19.9988918    
   197.000000     ;   19.9989452    
   198.000000     ;   19.9989967    
   199.000000     ;   19.9990463    
   200.000000     ;   19.9990921    
   201.000000     ;   19.9991360    
