   0.00000000     ;   0.00000000    
   1.00000000     ;  0.952381015    
   2.00000000     ;   1.85941052    
   3.00000000     ;   2.72324824    
   4.00000000     ;   3.54595089    
   5.00000000     ;   4.32947731    
   6.00000000     ;   5.07569313    
   7.00000000     ;   5.78637457    
   8.00000000     ;   6.46321440    
   9.00000000     ;   7.10782337    
   10.0000000     ;   7.72173691    
   11.0000000     ;   8.30641651    
   12.0000000     ;   8.86325455    
   13.0000000     ;   9.39357662    
   14.0000000     ;   9.89864445    
   15.0000000     ;   10.3796616    
   16.0000000     ;   10.8377733    
   17.0000000     ;   11.2740707    
   18.0000000     ;   11.6895914    
   19.0000000     ;   12.0853252    
   20.0000000     ;   12.4622154    
   21.0000000     ;   12.8211584    
   22.0000000     ;   13.1630087    
   23.0000000     ;   13.4885807    
   24.0000000     ;   13.7986488    
   25.0000000     ;   14.0939522    
   26.0000000     ;   14.3751936    
   27.0000000     ;   14.6430426    
   28.0000000     ;   14.8981361    
   29.0000000     ;   15.1410828    
   30.0000000     ;   15.3724604    
   31.0000000     ;   15.5928192    
   32.0000000     ;   15.8026857    
   33.0000000     ;   16.0025578    
   34.0000000     ;   16.1929131    
   35.0000000     ;   16.3742027    
   36.0000000     ;   16.5468597    
   37.0000000     ;   16.7112961    
   38.0000000     ;   16.8679008    
   39.0000000     ;   17.0170498    
   40.0000000     ;   17.1590958    
   41.0000000     ;   17.2943783    
   42.0000000     ;   17.4232178    
   43.0000000     ;   17.5459232    
   44.0000000     ;   17.6627846    
   45.0000000     ;   17.7740822    
   46.0000000     ;   17.8800793    
   47.0000000     ;   17.9810295    
   48.0000000     ;   18.0771713    
   49.0000000     ;   18.1687355    
   50.0000000     ;   18.2559395    
   51.0000000     ;   18.3389912    
   52.0000000     ;   18.4180870    
   53.0000000     ;   18.4934177    
   54.0000000     ;   18.5651608    
   55.0000000     ;   18.6334877    
   56.0000000     ;   18.6985607    
   57.0000000     ;   18.7605343    
   58.0000000     ;   18.8195572    
   59.0000000     ;   18.8757687    
   60.0000000     ;   18.9293041    
   61.0000000     ;   18.9802914    
   62.0000000     ;   19.0288506    
   63.0000000     ;   19.0750961    
   64.0000000     ;   19.1191406    
   65.0000000     ;   19.1610870    
   66.0000000     ;   19.2010365    
   67.0000000     ;   19.2390823    
   68.0000000     ;   19.2753181    
   69.0000000     ;   19.3098278    
   70.0000000     ;   19.3426933    
   71.0000000     ;   19.3739948    
   72.0000000     ;   19.4038048    
   73.0000000     ;   19.4321957    
   74.0000000     ;   19.4592342    
   75.0000000     ;   19.4849854    
   76.0000000     ;   19.5095100    
   77.0000000     ;   19.5328674    
   78.0000000     ;   19.5551128    
   79.0000000     ;   19.5762997    
   80.0000000     ;   19.5964775    
   81.0000000     ;   19.6156940    
   82.0000000     ;   19.6339951    
   83.0000000     ;   19.6514244    
   84.0000000     ;   19.6680241    
   85.0000000     ;   19.6838341    
   86.0000000     ;   19.6988907    
   87.0000000     ;   19.7132301    
   88.0000000     ;   19.7268867    
   89.0000000     ;   19.7398930    
   90.0000000     ;   19.7522793    
   91.0000000     ;   19.7640762    
   92.0000000     ;   19.7753124    
   93.0000000     ;   19.7860126    
   94.0000000     ;   19.7962036    
   95.0000000     ;   19.8059082    
   96.0000000     ;   19.8151512    
   97.0000000     ;   19.8239536    
   98.0000000     ;   19.8323383    
   99.0000000     ;   19.8403225    
   100.000000     ;   19.8479271    
   101.000000     ;   19.8551693    
   102.000000     ;   19.8620663    
   103.000000     ;   19.8686352    
   104.000000     ;   19.8748913    
   105.000000     ;   19.8808498    
   106.000000     ;   19.8865242    
   107.000000     ;   19.8919296    
   108.000000     ;   19.8970776    
   109.000000     ;   19.9019794    
   110.000000     ;   19.9066486    
   111.000000     ;   19.9110947    
   112.000000     ;   19.9153290    
   113.000000     ;   19.9193611    
   114.000000     ;   19.9232025    
   115.000000     ;   19.9268608    
   116.000000     ;   19.9303436    
   117.000000     ;   19.9336624    
   118.000000     ;   19.9368229    
   119.000000     ;   19.9398327    
   120.000000     ;   19.9426994    
   121.000000     ;   19.9454288    
   122.000000     ;   19.9480286    
   123.000000     ;   19.9505043    
   124.000000     ;   19.9528618    
   125.000000     ;   19.9551067    
   126.000000     ;   19.9572449    
   127.000000     ;   19.9592819    
   128.000000     ;   19.9612217    
   129.000000     ;   19.9630699    
   130.000000     ;   19.9648285    
   131.000000     ;   19.9665051    
   132.000000     ;   19.9681015    
   133.000000     ;   19.9696217    
   134.000000     ;   19.9710693    
   135.000000     ;   19.9724483    
   136.000000     ;   19.9737606    
   137.000000     ;   19.9750118    
   138.000000     ;   19.9762020    
   139.000000     ;   19.9773369    
   140.000000     ;   19.9784164    
   141.000000     ;   19.9794445    
   142.000000     ;   19.9804249    
   143.000000     ;   19.9813576    
   144.000000     ;   19.9822464    
   145.000000     ;   19.9830933    
   146.000000     ;   19.9839001    
   147.000000     ;   19.9846668    
   148.000000     ;   19.9853973    
   149.000000     ;   19.9860935    
   150.000000     ;   19.9867573    
   151.000000     ;   19.9873886    
   152.000000     ;   19.9879894    
   153.000000     ;   19.9885616    
   154.000000     ;   19.9891071    
   155.000000     ;   19.9896259    
   156.000000     ;   19.9901199    
   157.000000     ;   19.9905910    
   158.000000     ;   19.9910393    
   159.000000     ;   19.9914665    
   160.000000     ;   19.9918747    
   161.000000     ;   19.9922619    
   162.000000     ;   19.9926319    
   163.000000     ;   19.9929829    
   164.000000     ;   19.9933186    
   165.000000     ;   19.9936371    
   166.000000     ;   19.9939404    
   167.000000     ;   19.9942303    
   168.000000     ;   19.9945068    
   169.000000     ;   19.9947701    
   170.000000     ;   19.9950199    
   171.000000     ;   19.9952583    
   172.000000     ;   19.9954853    
   173.000000     ;   19.9957008    
   174.000000     ;   19.9959068    
   175.000000     ;   19.9961033    
   176.000000     ;   19.9962902    
   177.000000     ;   19.9964676    
   178.000000     ;   19.9966373    
   179.000000     ;   19.9967976    
   180.000000     ;   19.9969501    
   181.000000     ;   19.9970970    
   182.000000     ;   19.9972363    
   183.000000     ;   19.9973679    
   184.000000     ;   19.9974937    
   185.000000     ;   19.9976139    
   186.000000     ;   19.9977283    
   187.000000     ;   19.9978371    
   188.000000     ;   19.9979401    
   189.000000     ;   19.9980392    
   190.000000     ;   19.9981327    
   191.000000     ;   19.9982224    
   192.000000     ;   19.9983082    
   193.000000     ;   19.9983902    
   194.000000     ;   19.9984684    
   195.000000     ;   19.9985428    
   196.000000     ;   19.9986134    
   197.000000     ;   19.9986801    
   198.000000     ;   19.9987431    
   199.000000     ;   19.9988041    
   200.000000     ;   19.9988613    
   201.000000     ;   19.9989166    
