   0.00000000     ;   0.00000000     ;   0.00000000    
   1.00000000     ;   1.00000000     ;   0.00000000    
   2.00000000     ;   1.92499995     ;   1.00000000    
   3.00000000     ;   2.80562496     ;   1.92499995    
   4.00000000     ;   3.64332819     ;   2.80562496    
   5.00000000     ;   4.44021893     ;   3.64332819    
   6.00000000     ;   5.19828558     ;   4.44021893    
   7.00000000     ;   5.91941977     ;   5.19828558    
   8.00000000     ;   6.60542059     ;   5.91941977    
   9.00000000     ;   7.25799942     ;   6.60542059    
   10.0000000     ;   7.87878513     ;   7.25799942    
   11.0000000     ;   8.46932602     ;   7.87878513    
   12.0000000     ;   9.03109646     ;   8.46932602    
   13.0000000     ;   9.56549740     ;   9.03109646    
   14.0000000     ;   10.0738630     ;   9.56549740    
   15.0000000     ;   10.5574608     ;   10.0738630    
   16.0000000     ;   11.0174980     ;   10.5574608    
   17.0000000     ;   11.4551220     ;   11.0174980    
   18.0000000     ;   11.8714256     ;   11.4551220    
   19.0000000     ;   12.2674465     ;   11.8714256    
   20.0000000     ;   12.6441736     ;   12.2674465    
   21.0000000     ;   13.0025473     ;   12.6441736    
   22.0000000     ;   13.3434601     ;   13.0025473    
   23.0000000     ;   13.6677647     ;   13.3434601    
   24.0000000     ;   13.9762688     ;   13.6677647    
   25.0000000     ;   14.2697430     ;   13.9762688    
   26.0000000     ;   14.5489197     ;   14.2697430    
   27.0000000     ;   14.8144951     ;   14.5489197    
   28.0000000     ;   15.0671310     ;   14.8144951    
   29.0000000     ;   15.3074589     ;   15.0671310    
   30.0000000     ;   15.5360785     ;   15.3074589    
   31.0000000     ;   15.7535591     ;   15.5360785    
   32.0000000     ;   15.9604445     ;   15.7535591    
   33.0000000     ;   16.1572514     ;   15.9604445    
   34.0000000     ;   16.3444691     ;   16.1572514    
   35.0000000     ;   16.5225658     ;   16.3444691    
   36.0000000     ;   16.6919861     ;   16.5225658    
   37.0000000     ;   16.8531513     ;   16.6919861    
   38.0000000     ;   17.0064640     ;   16.8531513    
   39.0000000     ;   17.1523075     ;   17.0064640    
   40.0000000     ;   17.2910461     ;   17.1523075    
   41.0000000     ;   17.4230251     ;   17.2910461    
   42.0000000     ;   17.5485744     ;   17.4230251    
   43.0000000     ;   17.6680069     ;   17.5485744    
   44.0000000     ;   17.7816219     ;   17.6680069    
   45.0000000     ;   17.8896999     ;   17.7816219    
   46.0000000     ;   17.9925117     ;   17.8896999    
   47.0000000     ;   18.0903168     ;   17.9925117    
   48.0000000     ;   18.1833553     ;   18.0903168    
   49.0000000     ;   18.2718601     ;   18.1833553    
   50.0000000     ;   18.3560543     ;   18.2718601    
   51.0000000     ;   18.4361477     ;   18.3560543    
   52.0000000     ;   18.5123367     ;   18.4361477    
   53.0000000     ;   18.5848141     ;   18.5123367    
   54.0000000     ;   18.6537609     ;   18.5848141    
   55.0000000     ;   18.7193489     ;   18.6537609    
   56.0000000     ;   18.7817421     ;   18.7193489    
   57.0000000     ;   18.8410950     ;   18.7817421    
   58.0000000     ;   18.8975563     ;   18.8410950    
   59.0000000     ;   18.9512672     ;   18.8975563    
   60.0000000     ;   19.0023613     ;   18.9512672    
   61.0000000     ;   19.0509663     ;   19.0023613    
   62.0000000     ;   19.0972042     ;   19.0509663    
   63.0000000     ;   19.1411877     ;   19.0972042    
   64.0000000     ;   19.1830292     ;   19.1411877    
   65.0000000     ;   19.2228317     ;   19.1830292    
   66.0000000     ;   19.2606964     ;   19.2228317    
   67.0000000     ;   19.2967148     ;   19.2606964    
   68.0000000     ;   19.3309784     ;   19.2967148    
   69.0000000     ;   19.3635731     ;   19.3309784    
   70.0000000     ;   19.3945789     ;   19.3635731    
   71.0000000     ;   19.4240742     ;   19.3945789    
   72.0000000     ;   19.4521332     ;   19.4240742    
   73.0000000     ;   19.4788246     ;   19.4521332    
   74.0000000     ;   19.5042171     ;   19.4788246    
   75.0000000     ;   19.5283718     ;   19.5042171    
   76.0000000     ;   19.5513496     ;   19.5283718    
   77.0000000     ;   19.5732079     ;   19.5513496    
   78.0000000     ;   19.5939999     ;   19.5732079    
   79.0000000     ;   19.6137810     ;   19.5939999    
   80.0000000     ;   19.6325989     ;   19.6137810    
   81.0000000     ;   19.6504993     ;   19.6325989    
   82.0000000     ;   19.6675262     ;   19.6504993    
   83.0000000     ;   19.6837254     ;   19.6675262    
   84.0000000     ;   19.6991348     ;   19.6837254    
   85.0000000     ;   19.7137947     ;   19.6991348    
   86.0000000     ;   19.7277374     ;   19.7137947    
   87.0000000     ;   19.7410030     ;   19.7277374    
   88.0000000     ;   19.7536201     ;   19.7410030    
   89.0000000     ;   19.7656231     ;   19.7536201    
   90.0000000     ;   19.7770424     ;   19.7656231    
   91.0000000     ;   19.7879047     ;   19.7770424    
   92.0000000     ;   19.7982388     ;   19.7879047    
   93.0000000     ;   19.8080692     ;   19.7982388    
   94.0000000     ;   19.8174210     ;   19.8080692    
   95.0000000     ;   19.8263149     ;   19.8174210    
   96.0000000     ;   19.8347778     ;   19.8263149    
   97.0000000     ;   19.8428268     ;   19.8347778    
   98.0000000     ;   19.8504829     ;   19.8428268    
   99.0000000     ;   19.8577671     ;   19.8504829    
   100.000000     ;   19.8646965     ;   19.8577671    
   101.000000     ;   19.8712883     ;   19.8646965    
   102.000000     ;   19.8775597     ;   19.8712883    
   103.000000     ;   19.8835258     ;   19.8775597    
   104.000000     ;   19.8892002     ;   19.8835258    
   105.000000     ;   19.8945980     ;   19.8892002    
   106.000000     ;   19.8997345     ;   19.8945980    
   107.000000     ;   19.9046211     ;   19.8997345    
   108.000000     ;   19.9092693     ;   19.9046211    
   109.000000     ;   19.9136906     ;   19.9092693    
   110.000000     ;   19.9178963     ;   19.9136906    
   111.000000     ;   19.9218979     ;   19.9178963    
   112.000000     ;   19.9257030     ;   19.9218979    
   113.000000     ;   19.9293232     ;   19.9257030    
   114.000000     ;   19.9327660     ;   19.9293232    
   115.000000     ;   19.9360428     ;   19.9327660    
   116.000000     ;   19.9391594     ;   19.9360428    
   117.000000     ;   19.9421234     ;   19.9391594    
   118.000000     ;   19.9449444     ;   19.9421234    
   119.000000     ;   19.9476261     ;   19.9449444    
   120.000000     ;   19.9501781     ;   19.9476261    
   121.000000     ;   19.9526062     ;   19.9501781    
   122.000000     ;   19.9549160     ;   19.9526062    
   123.000000     ;   19.9571133     ;   19.9549160    
   124.000000     ;   19.9592018     ;   19.9571133    
   125.000000     ;   19.9611893     ;   19.9592018    
   126.000000     ;   19.9630795     ;   19.9611893    
   127.000000     ;   19.9648781     ;   19.9630795    
   128.000000     ;   19.9665890     ;   19.9648781    
   129.000000     ;   19.9682178     ;   19.9665890    
   130.000000     ;   19.9697666     ;   19.9682178    
   131.000000     ;   19.9712391     ;   19.9697666    
   132.000000     ;   19.9726410     ;   19.9712391    
   133.000000     ;   19.9739742     ;   19.9726410    
   134.000000     ;   19.9752407     ;   19.9739742    
   135.000000     ;   19.9764481     ;   19.9752407    
   136.000000     ;   19.9775963     ;   19.9764481    
   137.000000     ;   19.9786873     ;   19.9775963    
   138.000000     ;   19.9797249     ;   19.9786873    
   139.000000     ;   19.9807129     ;   19.9797249    
   140.000000     ;   19.9816532     ;   19.9807129    
   141.000000     ;   19.9825478     ;   19.9816532    
   142.000000     ;   19.9833984     ;   19.9825478    
   143.000000     ;   19.9842072     ;   19.9833984    
   144.000000     ;   19.9849758     ;   19.9842072    
   145.000000     ;   19.9857082     ;   19.9849758    
   146.000000     ;   19.9864044     ;   19.9857082    
   147.000000     ;   19.9870682     ;   19.9864044    
   148.000000     ;   19.9876995     ;   19.9870682    
   149.000000     ;   19.9883003     ;   19.9876995    
   150.000000     ;   19.9888706     ;   19.9883003    
   151.000000     ;   19.9894142     ;   19.9888706    
   152.000000     ;   19.9899292     ;   19.9894142    
   153.000000     ;   19.9904194     ;   19.9899292    
   154.000000     ;   19.9908867     ;   19.9904194    
   155.000000     ;   19.9913292     ;   19.9908867    
   156.000000     ;   19.9917526     ;   19.9913292    
   157.000000     ;   19.9921532     ;   19.9917526    
   158.000000     ;   19.9925365     ;   19.9921532    
   159.000000     ;   19.9929008     ;   19.9925365    
   160.000000     ;   19.9932461     ;   19.9929008    
   161.000000     ;   19.9935760     ;   19.9932461    
   162.000000     ;   19.9938889     ;   19.9935760    
   163.000000     ;   19.9941864     ;   19.9938889    
   164.000000     ;   19.9944706     ;   19.9941864    
   165.000000     ;   19.9947414     ;   19.9944706    
   166.000000     ;   19.9949989     ;   19.9947414    
   167.000000     ;   19.9952431     ;   19.9949989    
   168.000000     ;   19.9954739     ;   19.9952431    
   169.000000     ;   19.9956951     ;   19.9954739    
   170.000000     ;   19.9959049     ;   19.9956951    
   171.000000     ;   19.9961052     ;   19.9959049    
   172.000000     ;   19.9962940     ;   19.9961052    
   173.000000     ;   19.9964752     ;   19.9962940    
   174.000000     ;   19.9966469     ;   19.9964752    
   175.000000     ;   19.9968109     ;   19.9966469    
   176.000000     ;   19.9969673     ;   19.9968109    
   177.000000     ;   19.9971142     ;   19.9969673    
   178.000000     ;   19.9972553     ;   19.9971142    
   179.000000     ;   19.9973888     ;   19.9972553    
   180.000000     ;   19.9975166     ;   19.9973888    
   181.000000     ;   19.9976387     ;   19.9975166    
   182.000000     ;   19.9977531     ;   19.9976387    
   183.000000     ;   19.9978619     ;   19.9977531    
   184.000000     ;   19.9979668     ;   19.9978619    
   185.000000     ;   19.9980659     ;   19.9979668    
   186.000000     ;   19.9981594     ;   19.9980659    
   187.000000     ;   19.9982491     ;   19.9981594    
   188.000000     ;   19.9983349     ;   19.9982491    
   189.000000     ;   19.9984169     ;   19.9983349    
   190.000000     ;   19.9984932     ;   19.9984169    
   191.000000     ;   19.9985657     ;   19.9984932    
   192.000000     ;   19.9986362     ;   19.9985657    
   193.000000     ;   19.9987030     ;   19.9986362    
   194.000000     ;   19.9987659     ;   19.9987030    
   195.000000     ;   19.9988270     ;   19.9987659    
   196.000000     ;   19.9988842     ;   19.9988270    
   197.000000     ;   19.9989395     ;   19.9988842    
   198.000000     ;   19.9989910     ;   19.9989395    
   199.000000     ;   19.9990406     ;   19.9989910    
   200.000000     ;   19.9990883     ;   19.9990406    
   201.000000     ;   19.9991322     ;   19.9990883    
